=================================================================================
Environment Management Metadata From RS:
=================================================================================
Nr. Circles Detected: 1439
Memory usage at after hough is: 5881536 KB
AQUI..: (339285.0, 30.0, 0.0, -1163085.0, 0.0, -30.0)
[[4020 6716   24]
 [3654 6040   18]
 [3744 7016   23]
 ...
 [5512 1176   11]
 [5460 6850   11]
 [2198 3618   10]]

Circle: 0
wkt: POINT (459885.0 -1364565.0)
poly: POLYGON ((460605 -1364565,460604.013265023 -1364602.68188849,460601.055764665 -1364640.26049355,460596.135605228 -1364677.63281483,460589.266272528 -1364714.69641739,460580.466594928 -1364751.34971247,460569.760691733 -1364787.49223595,460557.177907078 -1364823.02492367,460542.752729503 -1364857.85038301,460526.524697416 -1364891.87315981,460508.538290725 -1364925.0,460488.842808921 -1364957.14010521,460467.49223595 -1364988.20538165,460444.545092249 -1365018.11068156,460420.064274344 -1365046.77403658,460394.116882454 -1365074.11688245,460366.774036578 -1365100.06427434,460338.110681556 -1365124.54509225,460308.205381651 -1365147.49223595,460277.140105211 -1365168.84280892,460245.0 -1365188.53829072,460211.873159812 -1365206.52469742,460177.850383015 -1365222.7527295,460143.024923673 -1365237.17790708,460107.49223595 -1365249.76069173,460071.349712474 -1365260.46659493,460034.696417389 -1365269.26627253,459997.632814829 -1365276.13560523,459960.260493553 -1365281.05576467,459922.681888495 -1365284.01326502,459885 -1365285,459847.318111505 -1365284.01326502,459809.739506447 -1365281.05576467,459772.367185171 -1365276.13560523,459735.303582611 -1365269.26627253,459698.650287526 -1365260.46659493,459662.50776405 -1365249.76069173,459626.975076327 -1365237.17790708,459592.149616985 -1365222.7527295,459558.126840188 -1365206.52469742,459525.0 -1365188.53829072,459492.859894789 -1365168.84280892,459461.794618349 -1365147.49223595,459431.889318444 -1365124.54509225,459403.225963422 -1365100.06427434,459375.883117546 -1365074.11688245,459349.935725656 -1365046.77403658,459325.454907751 -1365018.11068156,459302.50776405 -1364988.20538165,459281.157191079 -1364957.14010521,459261.461709275 -1364925.0,459243.475302584 -1364891.87315981,459227.247270497 -1364857.85038301,459212.822092922 -1364823.02492367,459200.239308267 -1364787.49223595,459189.533405072 -1364751.34971247,459180.733727472 -1364714.69641739,459173.864394772 -1364677.63281483,459168.944235335 -1364640.26049355,459165.986734977 -1364602.68188849,459165 -1364565,459165.986734977 -1364527.31811151,459168.944235335 -1364489.73950645,459173.864394772 -1364452.36718517,459180.733727472 -1364415.30358261,459189.533405072 -1364378.65028753,459200.239308267 -1364342.50776405,459212.822092922 -1364306.97507633,459227.247270497 -1364272.14961699,459243.475302584 -1364238.12684019,459261.461709275 -1364205.0,459281.157191079 -1364172.85989479,459302.50776405 -1364141.79461835,459325.454907751 -1364111.88931844,459349.935725656 -1364083.22596342,459375.883117546 -1364055.88311755,459403.225963422 -1364029.93572566,459431.889318444 -1364005.45490775,459461.794618349 -1363982.50776405,459492.859894789 -1363961.15719108,459525.0 -1363941.46170928,459558.126840188 -1363923.47530258,459592.149616985 -1363907.2472705,459626.975076327 -1363892.82209292,459662.50776405 -1363880.23930827,459698.650287526 -1363869.53340507,459735.303582611 -1363860.73372747,459772.367185171 -1363853.86439477,459809.739506447 -1363848.94423533,459847.318111505 -1363845.98673498,459885 -1363845,459922.681888495 -1363845.98673498,459960.260493553 -1363848.94423533,459997.632814829 -1363853.86439477,460034.696417389 -1363860.73372747,460071.349712474 -1363869.53340507,460107.49223595 -1363880.23930827,460143.024923673 -1363892.82209292,460177.850383015 -1363907.2472705,460211.873159812 -1363923.47530258,460245.0 -1363941.46170928,460277.140105211 -1363961.15719108,460308.205381651 -1363982.50776405,460338.110681556 -1364005.45490775,460366.774036578 -1364029.93572566,460394.116882454 -1364055.88311755,460420.064274344 -1364083.22596342,460444.545092249 -1364111.88931844,460467.49223595 -1364141.79461835,460488.842808921 -1364172.85989479,460508.538290725 -1364205.0,460526.524697416 -1364238.12684019,460542.752729503 -1364272.14961699,460557.177907078 -1364306.97507633,460569.760691733 -1364342.50776405,460580.466594928 -1364378.65028753,460589.266272528 -1364415.30358261,460596.135605228 -1364452.36718517,460601.055764665 -1364489.73950645,460604.013265023 -1364527.31811151,460605 -1364565))
Circle: 1
wkt: POINT (448905.0 -1344285.0)
poly: POLYGON ((449445 -1344285,449444.259948767 -1344313.26141637,449442.041823499 -1344341.44537016,449438.351703921 -1344369.47461112,449433.199704396 -1344397.27231304,449426.599946196 -1344424.76228436,449418.570518799 -1344451.86917696,449409.133430308 -1344478.51869275,449398.314547127 -1344504.63778726,449386.143523062 -1344530.15486986,449372.653718044 -1344555.0,449357.882106691 -1344579.10507891,449341.869176962 -1344602.40403624,449324.658819187 -1344624.83301117,449306.298205758 -1344646.33052743,449286.837661841 -1344666.83766184,449266.330527434 -1344686.29820576,449244.833011167 -1344704.65881919,449222.404036238 -1344721.86917696,449199.105078908 -1344737.88210669,449175.0 -1344752.65371804,449150.154869859 -1344766.14352306,449124.637787261 -1344778.31454713,449098.518692754 -1344789.13343031,449071.869176962 -1344798.5705188,449044.762284355 -1344806.5999462,449017.272313042 -1344813.1997044,448989.474611122 -1344818.35170392,448961.445370165 -1344822.0418235,448933.261416371 -1344824.25994877,448905 -1344825,448876.738583629 -1344824.25994877,448848.554629835 -1344822.0418235,448820.525388878 -1344818.35170392,448792.727686958 -1344813.1997044,448765.237715645 -1344806.5999462,448738.130823038 -1344798.5705188,448711.481307246 -1344789.13343031,448685.362212739 -1344778.31454713,448659.845130141 -1344766.14352306,448635.0 -1344752.65371804,448610.894921092 -1344737.88210669,448587.595963762 -1344721.86917696,448565.166988833 -1344704.65881919,448543.669472566 -1344686.29820576,448523.162338159 -1344666.83766184,448503.701794242 -1344646.33052743,448485.341180813 -1344624.83301117,448468.130823038 -1344602.40403624,448452.117893309 -1344579.10507891,448437.346281956 -1344555.0,448423.856476938 -1344530.15486986,448411.685452873 -1344504.63778726,448400.866569692 -1344478.51869275,448391.429481201 -1344451.86917696,448383.400053804 -1344424.76228436,448376.800295604 -1344397.27231304,448371.648296079 -1344369.47461112,448367.958176501 -1344341.44537016,448365.740051233 -1344313.26141637,448365 -1344285,448365.740051233 -1344256.73858363,448367.958176501 -1344228.55462984,448371.648296079 -1344200.52538888,448376.800295604 -1344172.72768696,448383.400053804 -1344145.23771564,448391.429481201 -1344118.13082304,448400.866569692 -1344091.48130725,448411.685452873 -1344065.36221274,448423.856476938 -1344039.84513014,448437.346281956 -1344015.0,448452.117893309 -1343990.89492109,448468.130823038 -1343967.59596376,448485.341180813 -1343945.16698883,448503.701794242 -1343923.66947257,448523.162338159 -1343903.16233816,448543.669472566 -1343883.70179424,448565.166988833 -1343865.34118081,448587.595963762 -1343848.13082304,448610.894921092 -1343832.11789331,448635.0 -1343817.34628196,448659.845130141 -1343803.85647694,448685.362212739 -1343791.68545287,448711.481307246 -1343780.86656969,448738.130823038 -1343771.4294812,448765.237715645 -1343763.4000538,448792.727686958 -1343756.8002956,448820.525388878 -1343751.64829608,448848.554629835 -1343747.9581765,448876.738583629 -1343745.74005123,448905 -1343745,448933.261416371 -1343745.74005123,448961.445370165 -1343747.9581765,448989.474611122 -1343751.64829608,449017.272313042 -1343756.8002956,449044.762284355 -1343763.4000538,449071.869176962 -1343771.4294812,449098.518692754 -1343780.86656969,449124.637787261 -1343791.68545287,449150.154869859 -1343803.85647694,449175.0 -1343817.34628196,449199.105078908 -1343832.11789331,449222.404036238 -1343848.13082304,449244.833011167 -1343865.34118081,449266.330527434 -1343883.70179424,449286.837661841 -1343903.16233816,449306.298205758 -1343923.66947257,449324.658819187 -1343945.16698883,449341.869176962 -1343967.59596376,449357.882106691 -1343990.89492109,449372.653718044 -1344015.0,449386.143523062 -1344039.84513014,449398.314547127 -1344065.36221274,449409.133430308 -1344091.48130725,449418.570518799 -1344118.13082304,449426.599946196 -1344145.23771564,449433.199704396 -1344172.72768696,449438.351703921 -1344200.52538888,449442.041823499 -1344228.55462984,449444.259948767 -1344256.73858363,449445 -1344285))
Circle: 2
wkt: POINT (451605.0 -1373565.0)
poly: POLYGON ((452295 -1373565,452294.054378981 -1373601.11180981,452291.220107804 -1373637.12463965,452286.504955011 -1373672.93978088,452279.921844506 -1373708.45906666,452271.488820139 -1373743.58514112,452261.228996244 -1373778.22172612,452249.170494283 -1373812.27388519,452235.346365773 -1373845.64828372,452219.79450169 -1373878.25344482,452202.557528611 -1373910.0,452183.682691882 -1373940.80093416,452163.221726119 -1373970.57182408,452141.230713405 -1373999.23106982,452117.769929579 -1374026.70011839,452092.903679019 -1374052.90367902,452066.700118388 -1374077.76992958,452039.231069824 -1374101.23071341,452010.571824082 -1374123.22172612,451980.80093416 -1374143.68269188,451950.0 -1374162.55752861,451918.25344482 -1374179.79450169,451885.648283722 -1374195.34636577,451852.273885186 -1374209.17049428,451818.221726119 -1374221.22899624,451783.585141121 -1374231.48882014,451748.459066664 -1374239.92184451,451712.939780878 -1374246.50495501,451677.124639655 -1374251.2201078,451641.111809808 -1374254.05437898,451605 -1374255,451568.888190192 -1374254.05437898,451532.875360345 -1374251.2201078,451497.060219122 -1374246.50495501,451461.540933336 -1374239.92184451,451426.414858879 -1374231.48882014,451391.778273881 -1374221.22899624,451357.726114814 -1374209.17049428,451324.351716278 -1374195.34636577,451291.74655518 -1374179.79450169,451260.0 -1374162.55752861,451229.19906584 -1374143.68269188,451199.428175918 -1374123.22172612,451170.768930176 -1374101.23071341,451143.299881612 -1374077.76992958,451117.096320981 -1374052.90367902,451092.230070421 -1374026.70011839,451068.769286595 -1373999.23106982,451046.778273881 -1373970.57182408,451026.317308118 -1373940.80093416,451007.442471389 -1373910.0,450990.20549831 -1373878.25344482,450974.653634227 -1373845.64828372,450960.829505717 -1373812.27388519,450948.771003756 -1373778.22172612,450938.511179861 -1373743.58514112,450930.078155494 -1373708.45906666,450923.495044989 -1373672.93978088,450918.779892196 -1373637.12463965,450915.945621019 -1373601.11180981,450915 -1373565,450915.945621019 -1373528.88819019,450918.779892196 -1373492.87536035,450923.495044989 -1373457.06021912,450930.078155494 -1373421.54093334,450938.511179861 -1373386.41485888,450948.771003756 -1373351.77827388,450960.829505717 -1373317.72611481,450974.653634227 -1373284.35171628,450990.20549831 -1373251.74655518,451007.442471389 -1373220.0,451026.317308118 -1373189.19906584,451046.778273881 -1373159.42817592,451068.769286595 -1373130.76893018,451092.230070421 -1373103.29988161,451117.096320981 -1373077.09632098,451143.299881612 -1373052.23007042,451170.768930176 -1373028.76928659,451199.428175918 -1373006.77827388,451229.19906584 -1372986.31730812,451260.0 -1372967.44247139,451291.74655518 -1372950.20549831,451324.351716278 -1372934.65363423,451357.726114814 -1372920.82950572,451391.778273881 -1372908.77100376,451426.414858879 -1372898.51117986,451461.540933336 -1372890.07815549,451497.060219122 -1372883.49504499,451532.875360345 -1372878.7798922,451568.888190192 -1372875.94562102,451605 -1372875,451641.111809808 -1372875.94562102,451677.124639655 -1372878.7798922,451712.939780878 -1372883.49504499,451748.459066664 -1372890.07815549,451783.585141121 -1372898.51117986,451818.221726119 -1372908.77100376,451852.273885186 -1372920.82950572,451885.648283722 -1372934.65363423,451918.25344482 -1372950.20549831,451950.0 -1372967.44247139,451980.80093416 -1372986.31730812,452010.571824082 -1373006.77827388,452039.231069824 -1373028.76928659,452066.700118388 -1373052.23007042,452092.903679019 -1373077.09632098,452117.769929579 -1373103.29988161,452141.230713405 -1373130.76893018,452163.221726119 -1373159.42817592,452183.682691882 -1373189.19906584,452202.557528611 -1373220.0,452219.79450169 -1373251.74655518,452235.346365773 -1373284.35171628,452249.170494283 -1373317.72611481,452261.228996244 -1373351.77827388,452271.488820139 -1373386.41485888,452279.921844506 -1373421.54093334,452286.504955011 -1373457.06021912,452291.220107804 -1373492.87536035,452294.054378981 -1373528.88819019,452295 -1373565))
Geometry Collection has 6 geometries
aqui1
Create Layer - geom_type: 3  SRS: GEOGCS["WGS 84",
    DATUM["WGS_1984",
        SPHEROID["WGS 84",6378137,298.257223563,
            AUTHORITY["EPSG","7030"]],
        AUTHORITY["EPSG","6326"]],
    PRIMEM["Greenwich",0,
        AUTHORITY["EPSG","8901"]],
    UNIT["degree",0.0174532925199433,
        AUTHORITY["EPSG","9122"]],
    AXIS["Latitude",NORTH],
    AXIS["Longitude",EAST],
    AUTHORITY["EPSG","4326"]]
Aqui: 0 POINT (-12.3434975141902 -45.3689753455989)
Aqui: 1 POLYGON ((-12.3435063972131 -45.3623529228302,-12.343847141723 -45.3623624672324,-12.344186928136 -45.3623901371657,-12.3445248251137 -45.3624358568578,-12.3448599064933 -45.3624995010617,-12.3451912538259 -45.3625808953978,-12.3455179588943 -45.3626798168318,-12.3458391262024 -45.3627959942845,-12.34615387543 -45.3629291093751,-12.3464613438459 -45.3630787972926,-12.3467606886728 -45.3632446477953,-12.3470510893978 -45.363426206335,-12.3473317500216 -45.3636229753025,-12.3476019012404 -45.3638344153908,-12.3478608025553 -45.3640599470735,-12.3481077443018 -45.3642989521927,-12.3483420495958 -45.3645507756535,-12.348563076189 -45.3648147272195,-12.3487702182297 -45.3650900834046,-12.3489629079237 -45.3653760894562,-12.3491406170909 -45.3656719614244,-12.3493028586137 -45.3659768883107,-12.3494491877718 -45.3662900342916,-12.3495792034623 -45.3666105410097,-12.3496925492985 -45.366937529927,-12.3497889145878 -45.3672701047335,-12.3498680351827 -45.3676073538046,-12.3499296942057 -45.3679483527001,-12.3499737226434 -45.3682921666994,-12.3499999998103 -45.3686378533636,-12.3500084536791 -45.3689844651197,-12.3499990610788 -45.3693310518585,-12.3499718477576 -45.3696766635396,-12.3499268883128 -45.3700203527964,-12.3498643059859 -45.370361177533,-12.3497842723248 -45.3706982035075,-12.3496870067135 -45.3710305068935,-12.3495727757706 -45.3713571768128,-12.349441892618 -45.3716773178323,-12.3492947160231 -45.3719900524198,-12.3491316494142 -45.3722945233488,-12.3489531397753 -45.3725898960492,-12.34875967642 -45.3728753608951,-12.3485517896504 -45.3731501354241,-12.3483300493031 -45.3734134664822,-12.3480950631868 -45.3736646322885,-12.347847475416 -45.3739029444136,-12.3475879646455 -45.3741277496665,-12.3473172422094 -45.3743384318848,-12.3470360501713 -45.3745344136237,-12.34674515929 -45.3747151577381,-12.3464453669064 -45.3748801688551,-12.3461374947579 -45.3750289947307,-12.3458223867258 -45.3751612274898,-12.3455009065216 -45.3752765047428,-12.34517393532 -45.375374510579,-12.3448423693431 -45.3754549764314,-12.3445071174035 -45.3755176818124,-12.3441690984138 -45.3755624549175,-12.3438292388672 -45.3755891730953,-12.3434884702984 -45.3755977631828,-12.3431477267298 -45.3755882017057,-12.3428079421122 -45.3755605149415,-12.3424700477639 -45.3755147788467,-12.3421349698192 -45.3754511188482,-12.3418036266893 -45.3753697094984,-12.3414769265454 -45.3752707739964,-12.3411557648295 -45.3751545835752,-12.3408410218007 -45.3750214567579,-12.3405335601222 -45.3748717584841,-12.3402342224974 -45.3747058991086,-12.3399438293604 -45.3745243332771,-12.3396631766274 -45.3743275586786,-12.3393930335157 -45.3741161146818,-12.3391341404354 -45.3738905808559,-12.3388872069607 -45.3736515753823,-12.3386529098851 -45.3733997533598,-12.3384318913669 -45.3731358050091,-12.3382247571693 -45.372860453781,-12.3380320750006 -45.3725744543737,-12.3378543729584 -45.3722785906644,-12.3376921380823 -45.3719736735611,-12.3375458150197 -45.3716605387802,-12.3374158048068 -45.3713400445562,-12.3373024637702 -45.3710130692904,-12.3372061025501 -45.3706805091432,-12.3371269852491 -45.3703432755786,-12.3370653287089 -45.3700022928667,-12.3370213019155 -45.369658495551,-12.3369950255365 -45.3693128258875,-12.3369865715905 -45.3689662312631,-12.3369959632495 -45.3686196615992,-12.3370231747754 -45.368274066749,-12.3370681315908 -45.3679303938949,-12.3371307104828 -45.367589584953,-12.3372107399412 -45.3672525739921,-12.337308000628 -45.3669202846741,-12.3374222259787 -45.3665936277233,-12.3375531029324 -45.3662734984304,-12.33770027279 -45.3659607741994,-12.3378633321968 -45.3656563121431,-12.3380418342477 -45.3653609467345,-12.3382352897121 -45.3650754875196,-12.3384431683746 -45.3648007168991,-12.3386649004874 -45.3645373879842,-12.338899878332 -45.3642862225322,-12.3391474578843 -45.3640479089688,-12.3394069605798 -45.3638231005007,-12.3396776751729 -45.3636124133254,-12.3399588596856 -45.3634164249422,-12.3402497434419 -45.3632356725688,-12.3405495291788 -45.3630706516689,-12.3408573952318 -45.3629218145933,-12.3411724977864 -45.3627895693401,-12.3414939731909 -45.3626742784355,-12.3418209403234 -45.3625762579401,-12.3421525030064 -45.3624957765813,-12.3424877524631 -45.3624330550166,-12.3428257698085 -45.3623882652279,-12.3431656285671 -45.3623615300494,-12.3435063972131 -45.3623529228302))
Aqui: 2 POINT (-12.1599517589772 -45.4696421382504)
Aqui: 3 POLYGON ((-12.1599601459035 -45.4646788173344,-12.1602157019978 -45.4646860631763,-12.1604705347573 -45.4647068933293,-12.1607239456988 -45.4647412507377,-12.1609752402343 -45.4647890412674,-12.1612237295746 -45.4648501339636,-12.1614687326181 -45.4649243614096,-12.1617095778169 -45.4650115201848,-12.161945605018 -45.4651113714225,-12.162176167273 -45.4652236414636,-12.1624006326113 -45.4653480226072,-12.1626183857723 -45.4654841739531,-12.1628288298924 -45.4656317223361,-12.1630313881408 -45.4657902633489,-12.1632255053009 -45.4659593624501,-12.1634106492922 -45.4661385561554,-12.1635863126291 -45.4663273533079,-12.1637520138119 -45.4665252364239,-12.1639072986468 -45.466731663112,-12.1640517414912 -45.4669460675594,-12.1641849464202 -45.4671678620829,-12.1643065483123 -45.4673964387401,-12.1644162138503 -45.4676311709957,-12.1645136424347 -45.4678714154391,-12.1645985670085 -45.4681165135485,-12.1646707547886 -45.4683657934956,-12.1647300079043 -45.4686185719878,-12.1647761639397 -45.4688741561415,-12.1648090963791 -45.4691318453814,-12.1648287149535 -45.469390933361,-12.1648349658882 -45.4696507098996,-12.1648278320504 -45.4699104629286,-12.164807332996 -45.4701694804443,-12.1647735249158 -45.4704270524595,-12.1647265004817 -45.4706824729499,-12.1646663885927 -45.4709350417899,-12.164593354021 -45.471184066672,-12.164507596961 -45.4714288650043,-12.1644093524796 -45.4716687657824,-12.1642988898725 -45.4719031114286,-12.1641765119257 -45.4721312595945,-12.1640425540852 -45.4723525849219,-12.1638973835375 -45.4725664807572,-12.1637413982031 -45.4727723608143,-12.1635750256455 -45.4729696607818,-12.1633987218991 -45.4731578398697,-12.1632129702191 -45.4733363822917,-12.1630182797566 -45.4735047986792,-12.162815184163 -45.4736626274222,-12.1626042401269 -45.4738094359346,-12.1623860258483 -45.4739448218401,-12.1621611394534 -45.4740684140745,-12.161930197355 -45.4741798739025,-12.1616938325632 -45.4742788958462,-12.1614526929495 -45.4743652085222,-12.1612074394716 -45.4744385753845,-12.1609587443612 -45.4744987953734,-12.1607072892813 -45.4745457034653,-12.1604537634583 -45.4745791711255,-12.1601988617923 -45.4745991066594,-12.1599432829523 -45.4746054554639,-12.1596877274617 -45.4745982001762,-12.1594328957778 -45.4745773607214,-12.1591794863722 -45.4745429942573,-12.1589281938161 -45.474495195017,-12.1586797068768 -45.4744340940507,-12.1584347066297 -45.474359858866,-12.1581938645922 -45.474272692968,-12.1579578408824 -45.4741728353016,-12.1577272824106 -45.4740605595962,-12.157502821106 -45.473936173615,-12.1572850721849 -45.473800018311,-12.1570746324645 -45.4736524668928,-12.1568720787274 -45.473493923801,-12.1566779661408 -45.4733248235996,-12.1564928267349 -45.4731456297852,-12.1563171679453 -45.4729568335159,-12.1561514712218 -45.4727589522655,-12.1559961907092 -45.4725525284051,-12.155851752003 -45.4723381277165,-12.1557185509826 -45.4721163378417,-12.1555969527267 -45.4718877666722,-12.1554872905128 -45.4716530406832,-12.1553898649037 -45.4714128032165,-12.155304942924 -45.4711677127177,-12.1552327573284 -45.4709184409315,-12.1551735059635 -45.4706656710611,-12.1551273512261 -45.4704100958958,-12.1550944196178 -45.4701524159124,-12.1550748013984 -45.4698933373557,-12.1550685503386 -45.4696335703036,-12.1550756835727 -45.4693738267203,-12.1550961815515 -45.4691148185064,-12.1551299880958 -45.468857255547,-12.1551770105505 -45.4686018437672,-12.1552371200385 -45.4683492831972,-12.1553101518137 -45.468100266054,-12.1553959057126 -45.4678554748444,-12.1554941467026 -45.4676155804949,-12.1556046055264 -45.4673812405129,-12.1557269794395 -45.4671530971848,-12.1558609330402 -45.4669317758155,-12.1560060991882 -45.4667178830154,-12.1561620800113 -45.4665120050373,-12.1563284479954 -45.4663147061699,-12.1565047471564 -45.4661265271911,-12.1566904942891 -45.465947983886,-12.1568851802923 -45.4657795656329,-12.1570882715635 -45.4656217340622,-12.1572992114614 -45.465474921791,-12.1575174218314 -45.4653395312367,-12.1577423045901 -45.4652159335147,-12.1579732433645 -45.4651044674201,-12.158209605181 -45.4650054384996,-12.1584507422005 -45.4649191182132,-12.158695993494 -45.4648457431899,-12.1589446868536 -45.4647855145792,-12.1591961406354 -45.4647385974988,-12.1594496656273 -45.4647051205822,-12.1597045669384 -45.4646851756253,-12.1599601459035 -45.4646788173344))
Aqui: 4 POINT (-12.4247695438453 -45.44527078212)
Aqui: 5 POLYGON ((-12.4247799027505 -45.4389223893368,-12.4251064420194 -45.4389316372506,-12.4254320580656 -45.438958260408,-12.425755858391 -45.4390021859007,-12.426076955471 -45.4390632933942,-12.4263944691875 -45.439141415457,-12.4267075292411 -45.4392363380189,-12.4270152775372 -45.4393478009569,-12.4273168705373 -45.439475498808,-12.4276114815723 -45.4396190816055,-12.427898303108 -45.439778155838,-12.428176548959 -45.4399522855275,-12.4284454564436 -45.440140993424,-12.4287042884751 -45.4403437623134,-12.4289523355819 -45.4405600364347,-12.4291889178529 -45.4407892230033,-12.4294133868009 -45.4410306938358,-12.4296251271411 -45.4412837870715,-12.4298235584771 -45.441547808987,-12.4300081368929 -45.4418220358972,-12.4301783564433 -45.4421057161396,-12.4303337505414 -45.4423980721347,-12.4304738932377 -45.4426983025175,-12.430598400388 -45.4430055843346,-12.4307069307062 -45.4433190752999,-12.4307991867003 -45.4436379161045,-12.4308749154878 -45.4439612327719,-12.4309339094893 -45.4442881390544,-12.4309760069972 -45.4446177388631,-12.4310010926193 -45.4449491287241,-12.431009097595 -45.4452814002563,-12.4309999999839 -45.4456136426612,-12.4309738247259 -45.4459449452207,-12.4309306435727 -45.4462743997936,-12.4308705748913 -45.4466011033054,-12.4307937833392 -45.4469241602248,-12.4307004794129 -45.4472426850182,-12.4305909188712 -45.4475558045781,-12.4304654020334 -45.4478626606165,-12.4303242729563 -45.448162412018,-12.4301679184908 -45.4484542371459,-12.4299967672211 -45.4487373360944,-12.4298112882901 -45.4490109328816,-12.4296119901126 -45.4492742775767,-12.4293994189822 -45.4495266483559,-12.4291741575728 -45.4497673534806,-12.4289368233418 -45.449995733194,-12.428688066837 -45.4502111615289,-12.4284285699134 -45.450413048024,-12.4281590438636 -45.4506008393418,-12.4278802274683 -45.4507740207848,-12.4275928849707 -45.4509321177067,-12.4272978039817 -45.4510746968123,-12.4269957933206 -45.4512013673451,-12.4266876807983 -45.4513117821578,-12.4263743109475 -45.4514056386632,-12.4260565427085 -45.4514826796631,-12.425735247074 -45.4515426940526,-12.425411304702 -45.4515855173981,-12.4250856035019 -45.4516110323873,-12.4247590362007 -45.45161916915,-12.4244324978958 -45.4516099054492,-12.4241068836022 -45.4515832667406,-12.4237830857987 -45.4515393261032,-12.4234619919822 -45.4514782040372,-12.4231444822351 -45.4514000681339,-12.4228314268133 -45.4513051326151,-12.4225236837607 -45.4511936577458,-12.4222220965583 -45.4510659491197,-12.4219274918116 -45.4509223568216,-12.4216406769861 -45.4507632744668,-12.4213624381936 -45.4505891381225,-12.4210935380384 -45.4504004251115,-12.420834713527 -45.450197652704,-12.4205866740484 -45.4499813766995,-12.4203500994305 -45.4497521899032,-12.4201256380762 -45.4495107205011,-12.4199139051875 -45.4492576303381,-12.4197154810788 -45.4489936131041,-12.4195309095873 -45.4487193924328,-12.4193606965821 -45.4484357199183,-12.4192053085783 -45.4481433730555,-12.4190651714588 -45.4478431531094,-12.4189406693067 -45.447535882919,-12.4188321433533 -45.4472224046429,-12.4187398910428 -45.4469035774511,-12.4186641652172 -45.446580275171,-12.4186051734237 -45.4462533838925,-12.4185630773455 -45.4459237995403,-12.4185379923592 -45.4455924254189,-12.4185299872185 -45.4452601697369,-12.4185390838655 -45.4449279431191,-12.418565257371 -45.4445966561107,-12.4186084360023 -45.4442672166826,-12.4186685014202 -45.4439405277432,-12.4187452890029 -45.4436174846643,-12.4188385882974 -45.4432989728278,-12.4189481435956 -45.4429858651992,-12.4190736546357 -45.4426790199358,-12.4192147774244 -45.442379278035,-12.4193711251797 -45.4420874610293,-12.419542269391 -45.4418043687357,-12.4197277409926 -45.4415307770629,-12.41992703165 -45.4412674358859,-12.4201395951521 -45.4410150669899,-12.4203648489085 -45.4407743620929,-12.4206021755457 -45.4405459809491,-12.4208509245991 -45.4403305495414,-12.4211104142953 -45.4401286583648,-12.4213799334209 -45.4399408608082,-12.4216587432711 -45.4397676716372,-12.4219460796743 -45.439609565583,-12.4222411550865 -45.4394669760408,-12.4225431607493 -45.4393402938814,-12.4228512689069 -45.4392298663794,-12.4231646350741 -45.4391359962612,-12.4234824003511 -45.4390589408741,-12.4238036937777 -45.4389989114805,-12.42412763472 -45.4389560726785,-12.4244533352842 -45.4389305419497,-12.4247799027505 -45.4389223893368))

Geometry Collection has 2878 geometries


=================================================================================
Environment Center Pivot:
=================================================================================
Nr. Circles Detected: 1439
Memory usage at after hough is: 5870688 KB
AQUI..: (339285.0, 30.0, 0.0, -1163085.0, 0.0, -30.0)
[[4020 6716   24]
 [3654 6040   18]
 [3744 7016   23]
 ...
 [5512 1176   11]
 [5460 6850   11]
 [2198 3618   10]]
Circle: 0
wkt: POINT (459885.0 -1364565.0)
poly: POLYGON ((460605 -1364565,460604.013265023 -1364602.68188849,460601.055764665 -1364640.26049355,460596.135605228 -1364677.63281483,460589.266272528 -1364714.69641739,460580.466594928 -1364751.34971247,460569.760691733 -1364787.49223595,460557.177907078 -1364823.02492367,460542.752729503 -1364857.85038301,460526.524697416 -1364891.87315981,460508.538290725 -1364925.0,460488.842808921 -1364957.14010521,460467.49223595 -1364988.20538165,460444.545092249 -1365018.11068156,460420.064274344 -1365046.77403658,460394.116882454 -1365074.11688245,460366.774036578 -1365100.06427434,460338.110681556 -1365124.54509225,460308.205381651 -1365147.49223595,460277.140105211 -1365168.84280892,460245.0 -1365188.53829072,460211.873159812 -1365206.52469742,460177.850383015 -1365222.7527295,460143.024923673 -1365237.17790708,460107.49223595 -1365249.76069173,460071.349712474 -1365260.46659493,460034.696417389 -1365269.26627253,459997.632814829 -1365276.13560523,459960.260493553 -1365281.05576467,459922.681888495 -1365284.01326502,459885 -1365285,459847.318111505 -1365284.01326502,459809.739506447 -1365281.05576467,459772.367185171 -1365276.13560523,459735.303582611 -1365269.26627253,459698.650287526 -1365260.46659493,459662.50776405 -1365249.76069173,459626.975076327 -1365237.17790708,459592.149616985 -1365222.7527295,459558.126840188 -1365206.52469742,459525.0 -1365188.53829072,459492.859894789 -1365168.84280892,459461.794618349 -1365147.49223595,459431.889318444 -1365124.54509225,459403.225963422 -1365100.06427434,459375.883117546 -1365074.11688245,459349.935725656 -1365046.77403658,459325.454907751 -1365018.11068156,459302.50776405 -1364988.20538165,459281.157191079 -1364957.14010521,459261.461709275 -1364925.0,459243.475302584 -1364891.87315981,459227.247270497 -1364857.85038301,459212.822092922 -1364823.02492367,459200.239308267 -1364787.49223595,459189.533405072 -1364751.34971247,459180.733727472 -1364714.69641739,459173.864394772 -1364677.63281483,459168.944235335 -1364640.26049355,459165.986734977 -1364602.68188849,459165 -1364565,459165.986734977 -1364527.31811151,459168.944235335 -1364489.73950645,459173.864394772 -1364452.36718517,459180.733727472 -1364415.30358261,459189.533405072 -1364378.65028753,459200.239308267 -1364342.50776405,459212.822092922 -1364306.97507633,459227.247270497 -1364272.14961699,459243.475302584 -1364238.12684019,459261.461709275 -1364205.0,459281.157191079 -1364172.85989479,459302.50776405 -1364141.79461835,459325.454907751 -1364111.88931844,459349.935725656 -1364083.22596342,459375.883117546 -1364055.88311755,459403.225963422 -1364029.93572566,459431.889318444 -1364005.45490775,459461.794618349 -1363982.50776405,459492.859894789 -1363961.15719108,459525.0 -1363941.46170928,459558.126840188 -1363923.47530258,459592.149616985 -1363907.2472705,459626.975076327 -1363892.82209292,459662.50776405 -1363880.23930827,459698.650287526 -1363869.53340507,459735.303582611 -1363860.73372747,459772.367185171 -1363853.86439477,459809.739506447 -1363848.94423533,459847.318111505 -1363845.98673498,459885 -1363845,459922.681888495 -1363845.98673498,459960.260493553 -1363848.94423533,459997.632814829 -1363853.86439477,460034.696417389 -1363860.73372747,460071.349712474 -1363869.53340507,460107.49223595 -1363880.23930827,460143.024923673 -1363892.82209292,460177.850383015 -1363907.2472705,460211.873159812 -1363923.47530258,460245.0 -1363941.46170928,460277.140105211 -1363961.15719108,460308.205381651 -1363982.50776405,460338.110681556 -1364005.45490775,460366.774036578 -1364029.93572566,460394.116882454 -1364055.88311755,460420.064274344 -1364083.22596342,460444.545092249 -1364111.88931844,460467.49223595 -1364141.79461835,460488.842808921 -1364172.85989479,460508.538290725 -1364205.0,460526.524697416 -1364238.12684019,460542.752729503 -1364272.14961699,460557.177907078 -1364306.97507633,460569.760691733 -1364342.50776405,460580.466594928 -1364378.65028753,460589.266272528 -1364415.30358261,460596.135605228 -1364452.36718517,460601.055764665 -1364489.73950645,460604.013265023 -1364527.31811151,460605 -1364565))
Circle: 1
wkt: POINT (448905.0 -1344285.0)
poly: POLYGON ((449445 -1344285,449444.259948767 -1344313.26141637,449442.041823499 -1344341.44537016,449438.351703921 -1344369.47461112,449433.199704396 -1344397.27231304,449426.599946196 -1344424.76228436,449418.570518799 -1344451.86917696,449409.133430308 -1344478.51869275,449398.314547127 -1344504.63778726,449386.143523062 -1344530.15486986,449372.653718044 -1344555.0,449357.882106691 -1344579.10507891,449341.869176962 -1344602.40403624,449324.658819187 -1344624.83301117,449306.298205758 -1344646.33052743,449286.837661841 -1344666.83766184,449266.330527434 -1344686.29820576,449244.833011167 -1344704.65881919,449222.404036238 -1344721.86917696,449199.105078908 -1344737.88210669,449175.0 -1344752.65371804,449150.154869859 -1344766.14352306,449124.637787261 -1344778.31454713,449098.518692754 -1344789.13343031,449071.869176962 -1344798.5705188,449044.762284355 -1344806.5999462,449017.272313042 -1344813.1997044,448989.474611122 -1344818.35170392,448961.445370165 -1344822.0418235,448933.261416371 -1344824.25994877,448905 -1344825,448876.738583629 -1344824.25994877,448848.554629835 -1344822.0418235,448820.525388878 -1344818.35170392,448792.727686958 -1344813.1997044,448765.237715645 -1344806.5999462,448738.130823038 -1344798.5705188,448711.481307246 -1344789.13343031,448685.362212739 -1344778.31454713,448659.845130141 -1344766.14352306,448635.0 -1344752.65371804,448610.894921092 -1344737.88210669,448587.595963762 -1344721.86917696,448565.166988833 -1344704.65881919,448543.669472566 -1344686.29820576,448523.162338159 -1344666.83766184,448503.701794242 -1344646.33052743,448485.341180813 -1344624.83301117,448468.130823038 -1344602.40403624,448452.117893309 -1344579.10507891,448437.346281956 -1344555.0,448423.856476938 -1344530.15486986,448411.685452873 -1344504.63778726,448400.866569692 -1344478.51869275,448391.429481201 -1344451.86917696,448383.400053804 -1344424.76228436,448376.800295604 -1344397.27231304,448371.648296079 -1344369.47461112,448367.958176501 -1344341.44537016,448365.740051233 -1344313.26141637,448365 -1344285,448365.740051233 -1344256.73858363,448367.958176501 -1344228.55462984,448371.648296079 -1344200.52538888,448376.800295604 -1344172.72768696,448383.400053804 -1344145.23771564,448391.429481201 -1344118.13082304,448400.866569692 -1344091.48130725,448411.685452873 -1344065.36221274,448423.856476938 -1344039.84513014,448437.346281956 -1344015.0,448452.117893309 -1343990.89492109,448468.130823038 -1343967.59596376,448485.341180813 -1343945.16698883,448503.701794242 -1343923.66947257,448523.162338159 -1343903.16233816,448543.669472566 -1343883.70179424,448565.166988833 -1343865.34118081,448587.595963762 -1343848.13082304,448610.894921092 -1343832.11789331,448635.0 -1343817.34628196,448659.845130141 -1343803.85647694,448685.362212739 -1343791.68545287,448711.481307246 -1343780.86656969,448738.130823038 -1343771.4294812,448765.237715645 -1343763.4000538,448792.727686958 -1343756.8002956,448820.525388878 -1343751.64829608,448848.554629835 -1343747.9581765,448876.738583629 -1343745.74005123,448905 -1343745,448933.261416371 -1343745.74005123,448961.445370165 -1343747.9581765,448989.474611122 -1343751.64829608,449017.272313042 -1343756.8002956,449044.762284355 -1343763.4000538,449071.869176962 -1343771.4294812,449098.518692754 -1343780.86656969,449124.637787261 -1343791.68545287,449150.154869859 -1343803.85647694,449175.0 -1343817.34628196,449199.105078908 -1343832.11789331,449222.404036238 -1343848.13082304,449244.833011167 -1343865.34118081,449266.330527434 -1343883.70179424,449286.837661841 -1343903.16233816,449306.298205758 -1343923.66947257,449324.658819187 -1343945.16698883,449341.869176962 -1343967.59596376,449357.882106691 -1343990.89492109,449372.653718044 -1344015.0,449386.143523062 -1344039.84513014,449398.314547127 -1344065.36221274,449409.133430308 -1344091.48130725,449418.570518799 -1344118.13082304,449426.599946196 -1344145.23771564,449433.199704396 -1344172.72768696,449438.351703921 -1344200.52538888,449442.041823499 -1344228.55462984,449444.259948767 -1344256.73858363,449445 -1344285))
Circle: 2
wkt: POINT (451605.0 -1373565.0)
poly: POLYGON ((452295 -1373565,452294.054378981 -1373601.11180981,452291.220107804 -1373637.12463965,452286.504955011 -1373672.93978088,452279.921844506 -1373708.45906666,452271.488820139 -1373743.58514112,452261.228996244 -1373778.22172612,452249.170494283 -1373812.27388519,452235.346365773 -1373845.64828372,452219.79450169 -1373878.25344482,452202.557528611 -1373910.0,452183.682691882 -1373940.80093416,452163.221726119 -1373970.57182408,452141.230713405 -1373999.23106982,452117.769929579 -1374026.70011839,452092.903679019 -1374052.90367902,452066.700118388 -1374077.76992958,452039.231069824 -1374101.23071341,452010.571824082 -1374123.22172612,451980.80093416 -1374143.68269188,451950.0 -1374162.55752861,451918.25344482 -1374179.79450169,451885.648283722 -1374195.34636577,451852.273885186 -1374209.17049428,451818.221726119 -1374221.22899624,451783.585141121 -1374231.48882014,451748.459066664 -1374239.92184451,451712.939780878 -1374246.50495501,451677.124639655 -1374251.2201078,451641.111809808 -1374254.05437898,451605 -1374255,451568.888190192 -1374254.05437898,451532.875360345 -1374251.2201078,451497.060219122 -1374246.50495501,451461.540933336 -1374239.92184451,451426.414858879 -1374231.48882014,451391.778273881 -1374221.22899624,451357.726114814 -1374209.17049428,451324.351716278 -1374195.34636577,451291.74655518 -1374179.79450169,451260.0 -1374162.55752861,451229.19906584 -1374143.68269188,451199.428175918 -1374123.22172612,451170.768930176 -1374101.23071341,451143.299881612 -1374077.76992958,451117.096320981 -1374052.90367902,451092.230070421 -1374026.70011839,451068.769286595 -1373999.23106982,451046.778273881 -1373970.57182408,451026.317308118 -1373940.80093416,451007.442471389 -1373910.0,450990.20549831 -1373878.25344482,450974.653634227 -1373845.64828372,450960.829505717 -1373812.27388519,450948.771003756 -1373778.22172612,450938.511179861 -1373743.58514112,450930.078155494 -1373708.45906666,450923.495044989 -1373672.93978088,450918.779892196 -1373637.12463965,450915.945621019 -1373601.11180981,450915 -1373565,450915.945621019 -1373528.88819019,450918.779892196 -1373492.87536035,450923.495044989 -1373457.06021912,450930.078155494 -1373421.54093334,450938.511179861 -1373386.41485888,450948.771003756 -1373351.77827388,450960.829505717 -1373317.72611481,450974.653634227 -1373284.35171628,450990.20549831 -1373251.74655518,451007.442471389 -1373220.0,451026.317308118 -1373189.19906584,451046.778273881 -1373159.42817592,451068.769286595 -1373130.76893018,451092.230070421 -1373103.29988161,451117.096320981 -1373077.09632098,451143.299881612 -1373052.23007042,451170.768930176 -1373028.76928659,451199.428175918 -1373006.77827388,451229.19906584 -1372986.31730812,451260.0 -1372967.44247139,451291.74655518 -1372950.20549831,451324.351716278 -1372934.65363423,451357.726114814 -1372920.82950572,451391.778273881 -1372908.77100376,451426.414858879 -1372898.51117986,451461.540933336 -1372890.07815549,451497.060219122 -1372883.49504499,451532.875360345 -1372878.7798922,451568.888190192 -1372875.94562102,451605 -1372875,451641.111809808 -1372875.94562102,451677.124639655 -1372878.7798922,451712.939780878 -1372883.49504499,451748.459066664 -1372890.07815549,451783.585141121 -1372898.51117986,451818.221726119 -1372908.77100376,451852.273885186 -1372920.82950572,451885.648283722 -1372934.65363423,451918.25344482 -1372950.20549831,451950.0 -1372967.44247139,451980.80093416 -1372986.31730812,452010.571824082 -1373006.77827388,452039.231069824 -1373028.76928659,452066.700118388 -1373052.23007042,452092.903679019 -1373077.09632098,452117.769929579 -1373103.29988161,452141.230713405 -1373130.76893018,452163.221726119 -1373159.42817592,452183.682691882 -1373189.19906584,452202.557528611 -1373220.0,452219.79450169 -1373251.74655518,452235.346365773 -1373284.35171628,452249.170494283 -1373317.72611481,452261.228996244 -1373351.77827388,452271.488820139 -1373386.41485888,452279.921844506 -1373421.54093334,452286.504955011 -1373457.06021912,452291.220107804 -1373492.87536035,452294.054378981 -1373528.88819019,452295 -1373565))
Geometry Collection has 6 geometries
aqui1
Create Layer - geom_type: 3  SRS: GEOGCS["WGS 84",
    DATUM["WGS_1984",
        SPHEROID["WGS 84",6378137,298.257223563,
            AUTHORITY["EPSG","7030"]],
        AUTHORITY["EPSG","6326"]],
    PRIMEM["Greenwich",0,
        AUTHORITY["EPSG","8901"]],
    UNIT["degree",0.0174532925199433,
        AUTHORITY["EPSG","9122"]],
    AUTHORITY["EPSG","4326"]]
Aqui: 0 POINT (-45.3689753455989 -12.3434975141902)
Aqui: 1 POLYGON ((-45.3623529228302 -12.3435063972131,-45.3623624672324 -12.343847141723,-45.3623901371657 -12.344186928136,-45.3624358568578 -12.3445248251137,-45.3624995010617 -12.3448599064933,-45.3625808953978 -12.3451912538259,-45.3626798168317 -12.3455179588943,-45.3627959942845 -12.3458391262024,-45.3629291093751 -12.34615387543,-45.3630787972926 -12.3464613438459,-45.3632446477953 -12.3467606886728,-45.363426206335 -12.3470510893978,-45.3636229753025 -12.3473317500216,-45.3638344153908 -12.3476019012404,-45.3640599470735 -12.3478608025553,-45.3642989521927 -12.3481077443018,-45.3645507756535 -12.3483420495958,-45.3648147272195 -12.348563076189,-45.3650900834046 -12.3487702182297,-45.3653760894562 -12.3489629079237,-45.3656719614244 -12.3491406170909,-45.3659768883107 -12.3493028586137,-45.3662900342916 -12.3494491877718,-45.3666105410097 -12.3495792034623,-45.366937529927 -12.3496925492985,-45.3672701047335 -12.3497889145878,-45.3676073538045 -12.3498680351827,-45.3679483527001 -12.3499296942057,-45.3682921666994 -12.3499737226434,-45.3686378533636 -12.3499999998103,-45.3689844651196 -12.3500084536791,-45.3693310518584 -12.3499990610788,-45.3696766635396 -12.3499718477576,-45.3700203527964 -12.3499268883128,-45.3703611775329 -12.3498643059859,-45.3706982035075 -12.3497842723248,-45.3710305068935 -12.3496870067135,-45.3713571768127 -12.3495727757706,-45.3716773178323 -12.349441892618,-45.3719900524197 -12.3492947160231,-45.3722945233487 -12.3491316494142,-45.3725898960492 -12.3489531397753,-45.3728753608951 -12.34875967642,-45.3731501354241 -12.3485517896504,-45.3734134664822 -12.3483300493031,-45.3736646322885 -12.3480950631868,-45.3739029444136 -12.347847475416,-45.3741277496665 -12.3475879646455,-45.3743384318848 -12.3473172422094,-45.3745344136237 -12.3470360501713,-45.3747151577381 -12.34674515929,-45.374880168855 -12.3464453669064,-45.3750289947307 -12.3461374947579,-45.3751612274897 -12.3458223867257,-45.3752765047428 -12.3455009065216,-45.3753745105789 -12.34517393532,-45.3754549764313 -12.3448423693431,-45.3755176818124 -12.3445071174035,-45.3755624549175 -12.3441690984138,-45.3755891730952 -12.3438292388672,-45.3755977631828 -12.3434884702984,-45.3755882017057 -12.3431477267298,-45.3755605149415 -12.3428079421121,-45.3755147788467 -12.3424700477639,-45.3754511188482 -12.3421349698192,-45.3753697094984 -12.3418036266893,-45.3752707739964 -12.3414769265454,-45.3751545835752 -12.3411557648295,-45.3750214567579 -12.3408410218007,-45.374871758484 -12.3405335601222,-45.3747058991086 -12.3402342224974,-45.3745243332771 -12.3399438293604,-45.3743275586786 -12.3396631766274,-45.3741161146818 -12.3393930335157,-45.3738905808559 -12.3391341404354,-45.3736515753823 -12.3388872069607,-45.3733997533598 -12.3386529098851,-45.3731358050091 -12.3384318913669,-45.372860453781 -12.3382247571693,-45.3725744543737 -12.3380320750006,-45.3722785906644 -12.3378543729584,-45.3719736735611 -12.3376921380823,-45.3716605387802 -12.3375458150197,-45.3713400445562 -12.3374158048068,-45.3710130692904 -12.3373024637702,-45.3706805091432 -12.33720610255,-45.3703432755786 -12.3371269852491,-45.3700022928667 -12.3370653287089,-45.369658495551 -12.3370213019155,-45.3693128258875 -12.3369950255365,-45.3689662312631 -12.3369865715905,-45.3686196615992 -12.3369959632495,-45.3682740667489 -12.3370231747754,-45.3679303938949 -12.3370681315908,-45.367589584953 -12.3371307104828,-45.367252573992 -12.3372107399412,-45.3669202846741 -12.337308000628,-45.3665936277233 -12.3374222259787,-45.3662734984304 -12.3375531029324,-45.3659607741994 -12.33770027279,-45.3656563121431 -12.3378633321968,-45.3653609467345 -12.3380418342477,-45.3650754875195 -12.3382352897121,-45.3648007168991 -12.3384431683746,-45.3645373879842 -12.3386649004874,-45.3642862225322 -12.338899878332,-45.3640479089688 -12.3391474578843,-45.3638231005007 -12.3394069605798,-45.3636124133254 -12.3396776751728,-45.3634164249422 -12.3399588596856,-45.3632356725688 -12.3402497434419,-45.3630706516689 -12.3405495291788,-45.3629218145933 -12.3408573952318,-45.36278956934 -12.3411724977864,-45.3626742784355 -12.3414939731909,-45.3625762579401 -12.3418209403234,-45.3624957765813 -12.3421525030064,-45.3624330550166 -12.3424877524631,-45.3623882652279 -12.3428257698085,-45.3623615300494 -12.3431656285671,-45.3623529228302 -12.3435063972131))
Aqui: 2 POINT (-45.4696421382504 -12.1599517589772)
Aqui: 3 POLYGON ((-45.4646788173344 -12.1599601459035,-45.4646860631763 -12.1602157019978,-45.4647068933293 -12.1604705347573,-45.4647412507377 -12.1607239456988,-45.4647890412674 -12.1609752402343,-45.4648501339636 -12.1612237295746,-45.4649243614096 -12.1614687326181,-45.4650115201848 -12.1617095778169,-45.4651113714225 -12.161945605018,-45.4652236414636 -12.162176167273,-45.4653480226072 -12.1624006326113,-45.4654841739531 -12.1626183857723,-45.4656317223361 -12.1628288298924,-45.4657902633489 -12.1630313881408,-45.4659593624501 -12.1632255053009,-45.4661385561554 -12.1634106492922,-45.4663273533079 -12.1635863126291,-45.4665252364239 -12.1637520138119,-45.466731663112 -12.1639072986468,-45.4669460675594 -12.1640517414912,-45.4671678620829 -12.1641849464202,-45.4673964387401 -12.1643065483123,-45.4676311709957 -12.1644162138503,-45.4678714154391 -12.1645136424347,-45.4681165135485 -12.1645985670085,-45.4683657934955 -12.1646707547886,-45.4686185719878 -12.1647300079043,-45.4688741561415 -12.1647761639397,-45.4691318453814 -12.1648090963791,-45.469390933361 -12.1648287149535,-45.4696507098996 -12.1648349658882,-45.4699104629286 -12.1648278320504,-45.4701694804443 -12.164807332996,-45.4704270524595 -12.1647735249158,-45.4706824729499 -12.1647265004817,-45.4709350417899 -12.1646663885927,-45.471184066672 -12.164593354021,-45.4714288650043 -12.164507596961,-45.4716687657824 -12.1644093524796,-45.4719031114286 -12.1642988898725,-45.4721312595945 -12.1641765119257,-45.4723525849219 -12.1640425540852,-45.4725664807571 -12.1638973835375,-45.4727723608143 -12.1637413982031,-45.4729696607818 -12.1635750256455,-45.4731578398697 -12.1633987218991,-45.4733363822917 -12.1632129702191,-45.4735047986792 -12.1630182797566,-45.4736626274221 -12.162815184163,-45.4738094359346 -12.1626042401269,-45.4739448218401 -12.1623860258483,-45.4740684140745 -12.1621611394534,-45.4741798739025 -12.161930197355,-45.4742788958462 -12.1616938325632,-45.4743652085221 -12.1614526929495,-45.4744385753845 -12.1612074394716,-45.4744987953734 -12.1609587443612,-45.4745457034653 -12.1607072892813,-45.4745791711255 -12.1604537634583,-45.4745991066594 -12.1601988617923,-45.4746054554639 -12.1599432829523,-45.4745982001762 -12.1596877274617,-45.4745773607214 -12.1594328957778,-45.4745429942572 -12.1591794863722,-45.4744951950169 -12.1589281938161,-45.4744340940507 -12.1586797068768,-45.4743598588659 -12.1584347066297,-45.4742726929679 -12.1581938645922,-45.4741728353016 -12.1579578408824,-45.4740605595962 -12.1577272824106,-45.473936173615 -12.157502821106,-45.473800018311 -12.1572850721849,-45.4736524668928 -12.1570746324645,-45.473493923801 -12.1568720787274,-45.4733248235996 -12.1566779661408,-45.4731456297852 -12.1564928267349,-45.4729568335159 -12.1563171679453,-45.4727589522655 -12.1561514712218,-45.4725525284051 -12.1559961907092,-45.4723381277165 -12.155851752003,-45.4721163378417 -12.1557185509826,-45.4718877666722 -12.1555969527267,-45.4716530406832 -12.1554872905128,-45.4714128032165 -12.1553898649037,-45.4711677127177 -12.155304942924,-45.4709184409315 -12.1552327573284,-45.4706656710611 -12.1551735059635,-45.4704100958958 -12.1551273512261,-45.4701524159123 -12.1550944196178,-45.4698933373557 -12.1550748013984,-45.4696335703036 -12.1550685503386,-45.4693738267203 -12.1550756835727,-45.4691148185064 -12.1550961815515,-45.468857255547 -12.1551299880958,-45.4686018437672 -12.1551770105505,-45.4683492831972 -12.1552371200385,-45.4681002660539 -12.1553101518137,-45.4678554748444 -12.1553959057126,-45.4676155804949 -12.1554941467026,-45.4673812405129 -12.1556046055264,-45.4671530971847 -12.1557269794395,-45.4669317758155 -12.1558609330402,-45.4667178830154 -12.1560060991882,-45.4665120050373 -12.1561620800113,-45.4663147061699 -12.1563284479954,-45.4661265271911 -12.1565047471563,-45.465947983886 -12.1566904942891,-45.4657795656329 -12.1568851802923,-45.4656217340622 -12.1570882715635,-45.465474921791 -12.1572992114614,-45.4653395312367 -12.1575174218314,-45.4652159335147 -12.1577423045901,-45.4651044674201 -12.1579732433645,-45.4650054384996 -12.158209605181,-45.4649191182132 -12.1584507422005,-45.4648457431899 -12.158695993494,-45.4647855145792 -12.1589446868536,-45.4647385974988 -12.1591961406354,-45.4647051205822 -12.1594496656273,-45.4646851756253 -12.1597045669384,-45.4646788173344 -12.1599601459035))
Aqui: 4 POINT (-45.44527078212 -12.4247695438453)
Aqui: 5 POLYGON ((-45.4389223893368 -12.4247799027505,-45.4389316372505 -12.4251064420194,-45.438958260408 -12.4254320580656,-45.4390021859006 -12.425755858391,-45.4390632933942 -12.426076955471,-45.439141415457 -12.4263944691875,-45.4392363380189 -12.4267075292411,-45.4393478009569 -12.4270152775372,-45.439475498808 -12.4273168705373,-45.4396190816055 -12.4276114815723,-45.439778155838 -12.427898303108,-45.4399522855275 -12.428176548959,-45.440140993424 -12.4284454564436,-45.4403437623134 -12.4287042884751,-45.4405600364347 -12.4289523355819,-45.4407892230033 -12.4291889178529,-45.4410306938358 -12.4294133868009,-45.4412837870715 -12.4296251271411,-45.441547808987 -12.4298235584771,-45.4418220358972 -12.4300081368929,-45.4421057161396 -12.4301783564433,-45.4423980721347 -12.4303337505414,-45.4426983025175 -12.4304738932377,-45.4430055843346 -12.430598400388,-45.4433190752999 -12.4307069307062,-45.4436379161045 -12.4307991867003,-45.4439612327719 -12.4308749154878,-45.4442881390544 -12.4309339094893,-45.4446177388631 -12.4309760069972,-45.4449491287241 -12.4310010926193,-45.4452814002563 -12.431009097595,-45.4456136426612 -12.4309999999839,-45.4459449452207 -12.4309738247259,-45.4462743997936 -12.4309306435727,-45.4466011033054 -12.4308705748913,-45.4469241602248 -12.4307937833392,-45.4472426850182 -12.4307004794129,-45.4475558045781 -12.4305909188712,-45.4478626606165 -12.4304654020334,-45.448162412018 -12.4303242729563,-45.4484542371459 -12.4301679184908,-45.4487373360944 -12.4299967672211,-45.4490109328816 -12.4298112882901,-45.4492742775767 -12.4296119901126,-45.4495266483559 -12.4293994189822,-45.4497673534806 -12.4291741575728,-45.4499957331939 -12.4289368233418,-45.4502111615289 -12.428688066837,-45.450413048024 -12.4284285699134,-45.4506008393418 -12.4281590438636,-45.4507740207848 -12.4278802274683,-45.4509321177067 -12.4275928849707,-45.4510746968123 -12.4272978039817,-45.4512013673451 -12.4269957933206,-45.4513117821578 -12.4266876807983,-45.4514056386631 -12.4263743109475,-45.451482679663 -12.4260565427085,-45.4515426940526 -12.425735247074,-45.4515855173981 -12.425411304702,-45.4516110323873 -12.4250856035019,-45.45161916915 -12.4247590362007,-45.4516099054491 -12.4244324978958,-45.4515832667406 -12.4241068836022,-45.4515393261031 -12.4237830857987,-45.4514782040372 -12.4234619919822,-45.4514000681339 -12.4231444822351,-45.4513051326151 -12.4228314268133,-45.4511936577458 -12.4225236837607,-45.4510659491197 -12.4222220965583,-45.4509223568215 -12.4219274918116,-45.4507632744668 -12.4216406769861,-45.4505891381225 -12.4213624381936,-45.4504004251115 -12.4210935380384,-45.450197652704 -12.420834713527,-45.4499813766995 -12.4205866740484,-45.4497521899032 -12.4203500994305,-45.4495107205011 -12.4201256380762,-45.4492576303381 -12.4199139051875,-45.4489936131041 -12.4197154810788,-45.4487193924328 -12.4195309095873,-45.4484357199183 -12.419360696582,-45.4481433730555 -12.4192053085783,-45.4478431531093 -12.4190651714588,-45.447535882919 -12.4189406693067,-45.4472224046429 -12.4188321433533,-45.4469035774511 -12.4187398910428,-45.446580275171 -12.4186641652172,-45.4462533838925 -12.4186051734237,-45.4459237995403 -12.4185630773455,-45.4455924254188 -12.4185379923592,-45.4452601697369 -12.4185299872185,-45.4449279431191 -12.4185390838655,-45.4445966561107 -12.418565257371,-45.4442672166826 -12.4186084360023,-45.4439405277432 -12.4186685014202,-45.4436174846643 -12.4187452890029,-45.4432989728278 -12.4188385882974,-45.4429858651992 -12.4189481435956,-45.4426790199358 -12.4190736546357,-45.442379278035 -12.4192147774244,-45.4420874610293 -12.4193711251797,-45.4418043687356 -12.419542269391,-45.4415307770629 -12.4197277409926,-45.4412674358859 -12.41992703165,-45.4410150669899 -12.4201395951521,-45.4407743620929 -12.4203648489085,-45.4405459809491 -12.4206021755457,-45.4403305495414 -12.4208509245991,-45.4401286583648 -12.4211104142953,-45.4399408608082 -12.4213799334209,-45.4397676716372 -12.4216587432711,-45.439609565583 -12.4219460796743,-45.4394669760408 -12.4222411550864,-45.4393402938813 -12.4225431607493,-45.4392298663794 -12.4228512689069,-45.4391359962612 -12.4231646350741,-45.439058940874 -12.4234824003511,-45.4389989114805 -12.4238036937777,-45.4389560726785 -12.42412763472,-45.4389305419497 -12.4244533352842,-45.4389223893368 -12.4247799027505))
Memory usage at Finishing program is: 5893484 KB



